[TEXTURES]
0	textures\mapOb.png	255	255	255
1	textures\MapTileSet.png	255	255	255
2	textures\Mario.png	255	255	255
[MAP]
1	map2.txt
[SPRITES]
# id	left	top	width	height	scale X	scale Y	xPivot	texture_id
#map selectable
#tree
10000	3	48	48	48	1	1	0	0
10001	54	48	48	48	1	1	0	0
10002	105	48	48	48	1	1	0	0
10003	156	48	48	48	1	1	0	0
#help
10004	3	0	48	48	1	1	0	0
#white M
10005	54	0	48	48	1	1	0	0
#yellow M
10006	105	0	48	48	1	1	0	0
#castle
10007	156	0	48	48	1	1	0	0
#castle down
10008	207	0	48	48	1	1	0	0
#ship
10009	258	0	48	48	1	1	0	0
10010	309	0	48	48	1	1	0	0
#card
10011	360	0	48	48	1	1	0	0
10012	411	0	48	48	1	1	0	0
#shroom
10013	207	48	48	48	1	1	0	0
#cave
10014	258	48	48	48	1	1	0	0
#titan
10015	309	48	48	48	1	1	0	0
10016	360	48	48	48	1	1	0	0
#start
10017	3	99	48	48	1	1	0	0
#bridge
10018	54	99	48	48	1	1	0	0
#scene index
10019	105	99	48	48	1	1	0	0
10020	156	99	48	48	1	1	0	0
10021	207	99	48	48	1	1	0	0
10022	258	99	48	48	1	1	0	0
10023	309	99	48	48	1	1	0	0
10024	360	99	48	48	1	1	0	0

#mario icon
11000	657	24	48	48	1	1	0	2
11001	708	24	48	48	1	1	0	2
[ANIMATIONS]
#tree
10000	10000	300	10001	300	10002	300	10003	300
#scene index
10001	10019	100
10002	10020	100
10003	10021	100
10004	10022	100
10005	10023	100
10006	10024	100
#scene complete
10007	10005	100
10008	10006	100
#castle basic/down
10009	10007	100
10010	10008	100
#shroom
10011	10013	100
#cave
10012	10014	100
#start
10013	10017	100
#card
10014	10011	100
10015	10012	100
#mario
11000	11000	100	11001	100
[ANIMATION_SETS]
10000	10000
10001	10001	10002	10003	10004	10005	10006	10007	10008
10002	10009	10010
10003	10011
10004	10012
10005	10013
10006	10014	10015
11000	11000
[PATHINFO]
16	14
[PATH]
0	0	0	0	0	0	0	0	0	0	0	0	0	0	0	0
0	0	0	0	0	0	0	0	0	0	0	0	0	0	0	0
0	0	0	0	3	2	4	2	3	2	3	2	4	0	0	0
0	0	0	0	2	0	0	0	2	0	0	0	2	0	0	0
0	0	1	2	4	0	0	0	4	2	3	2	3	0	0	0
0	0	0	0	3	0	0	0	2	0	0	0	0	0	0	0
0	0	0	0	4	2	3	2	3	0	0	0	0	0	0	0
0	0	0	0	2	0	0	0	0	0	0	0	0	0	0	0
0	0	0	0	4	0	3	2	4	2	4	2	3	0	0	0
0	0	0	0	2	0	0	0	2	0	0	0	0	0	0	0
0	0	0	0	3	2	4	2	3	0	0	0	0	0	0	0
0	0	0	0	0	0	0	0	0	0	0	0	0	0	0	0
0	0	0	0	0	0	0	0	0	0	0	0	0	0	0	0
0	0	0	0	0	0	0	0	0	0	0	0	0	0	0	0
[OBJECTS]
#x 	y 	index 	animSetID
2	4	0	10005
4	2	0	10001
8	2	1	10001
10	2	2	10001
10	4	3	10001
4	10	4	10001
8	10	5	10001
#cave
4	5	0	10004
#castle
6	6	0	10002
#shroom
12	4	0	10003
6	8	0	10003
#card
8	6	0	10006
#tree
1	2	0	10000
2	2	0	10000
3	2	0	10000
1	3	0	10000
2	3	0	10000
3	3	0	10000
5	3	0	10000
6	3	0	10000
7	3	0	10000
5	4	0	10000
6	4	0	10000
7	4	0	10000
5	5	0	10000
6	5	0	10000
7	5	0	10000
1	5	0	10000
2	5	0	10000
3	5	0	10000
1	6	0	10000
2	6	0	10000
3	6	0	10000
1	7	0	10000
9	3	0	10000
10	3	0	10000
11	3	0	10000
13	2	0	10000
14	2	0	10000
13	3	0	10000
14	3	0	10000
13	4	0	10000
14	4	0	10000
13	5	0	10000
14	5	0	10000
14	6	0	10000
14	7	0	10000
14	8	0	10000
14	9	0	10000
14	10	0	10000
12	5	0	10000
11	5	0	10000
10	5	0	10000
9	5	0	10000
10	6	0	10000
9	6	0	10000
6	7	0	10000
7	7	0	10000
8	7	0	10000